31043744
34717678
31554642
33691090
34811833
32814895
34991659
34093872
33311482
30787033
34593794
35197507
34985903
30830879
32778843
33277233
35778693
32134361
34062295
34396451
33236624
31775041
33547170
32686685
33926261
31980600
31509699

######### COMMUNITY-JOINING N.1 ########

40287444
25802102
35720420
27044818
24156623
36160648
31637575
29777149
34958892
30755716
32353824
37108378
38221626
24844408
39753138
30535532
27756885
38301989
30420335
32359100
38351345
39321806
33346004
28249896
31257391
39546763
31802182
34919143
24021059
39166450
30563531
25940439
28609459
21566463
39178310
32472095
37946098
35749514
26208571
32344015
35238098

######### COMMUNITY-JOINING N.2 ########

39212400
40703032
39276841
40136245
40570981
40724917
39700767
38581191
40752796
39287745
40451026